v1 <- c('a','b','c','d','e')

v1
v1[3]
v1[4]
v1[-1]
v1[-3]

w <- v1[-3]

v1[1:3]
v1[c(1, 3, 5)]
v1[c(-2, -4)]

